A list of input graphs
___________________________________

   2-3
 / | | \
1  | |  6
 \ | | /
   4-5

[
  [0, 1, 0, 1, 0, 0],
  [1, 0, 1, 1, 0, 0],
  [0, 1, 0, 0, 1, 1],
  [1, 1, 0, 0, 1, 0],
  [0, 0, 1, 1, 0, 1],
  [0, 0, 1, 0, 1, 0.]
]

faces = [[1,3,0], [2,4,3,1], [5,4,2]]
___________________________________

    5---6
  / |   | \
12--1---2--7
 |  |   |  |
11--3---4--8
  \ |   | /
   10---9

[
  [0,1,1,0,1,0,0,0,0,0,0,1],
  [1,0,0,1,0,1,1,0,0,0,0,0],
  [1,0,0,1,0,0,0,0,0,1,1,0],
  [0,1,1,0,0,0,0,1,1,0,0,0],
  [1,0,0,0,0,1,0,0,0,0,0,1],
  [0,1,0,0,1,0,1,0,0,0,0,0],
  [0,1,0,0,0,1,0,1,0,0,0,0],
  [0,0,0,1,0,0,1,0,1,0,0,0],
  [0,0,0,1,0,0,0,1,0,1,0,0],
  [0,0,1,0,0,0,0,0,1,0,1,0],
  [0,0,1,0,0,0,0,0,0,1,0,1],
  [1,0,0,0,1,0,0,0,0,0,1,0]
]

faces = [[4,0,11], [5,1,0,4], [6,1,5], [0,2,10,11], [1,3,2,0], [6,7,3,1], [2,9,10], [3,8,9,2], [7,8,3]]

(ordered by amount of adjacent faces)
[[1,3,2,0], [5,1,0,4], [0,2,10,11], [6,7,3,1], [3,8,9,2], [4,0,11], [6,1,5], [2,9,10], [7,8,3]]


______________________________________________________________________________________

    5
   / \
  1---2
 /|   |\
8 |   | 6
 \|   |/
  3---4
   \ /
    7

[
  [0,1,1,0,1,0,0,1],
  [1,0,0,1,1,1,0,0],
  [1,0,0,1,0,0,1,1],
  [0,1,1,0,0,1,1,0],
  [1,1,0,0,0,0,0,0],
  [0,1,0,1,0,0,0,0],
  [0,0,1,1,0,0,0,0],
  [1,0,1,0,0,0,0,0]
]

faces = [[1,0,4], [5,3,1], [3,6,2], [0,2,7], [0,1,3,2]]

____________________________________________________________________________________

5-1-2
  | |
  3-4-6

[
  [0,1,1,0,1,0],
  [1,0,0,1,0,0],
  [1,0,0,1,0,0],
  [0,1,1,0,0,1],
  [1,0,0,0,0,0],
  [0,0,0,1,0,0]
]

faces = [[1,3,2,0]]

____________________________________________________________________________________

0-1
| |
2-3-4-5

[
  [0,1,1,0,0,0],
  [1,0,0,1,0,0],
  [1,0,0,1,0,0],
  [0,1,1,0,1,0],
  [0,0,0,1,0,1],
  [0,0,0,0,1,0]
]

faces = [[1,3,2,0]]


____________________________________________________________________________________

7-5-6
| |
8-1-2
  | |
  3-4

[
  [0,1,1,0,1,0,0,1],
  [1,0,0,1,0,0,0,0],
  [1,0,0,1,0,0,0,0],
  [0,1,1,0,0,0,0,0],
  [1,0,0,0,0,1,1,0],
  [0,0,0,0,1,0,0,0],
  [0,0,0,0,1,0,0,1],
  [1,0,0,0,0,0,1,0]
]

faces = [[0,1,3,2], [4,0,7,6]]

____________________________________________________________________________________

6---8
 \ /
  7
  |
  5
  |
  3---4
  |   |
  1---2

[
  [0,1,1,0,0,0,0,0],
  [1,0,0,1,0,0,0,0],
  [1,0,0,1,1,0,0,0],
  [0,1,1,0,0,0,0,0],
  [0,0,1,0,0,0,1,0],
  [0,0,0,0,0,0,1,1],
  [0,0,0,0,1,1,0,1],
  [0,0,0,0,0,1,1,0]
]

____________________________________________________________________________________

1-2-3-4

[
  [0,1,0,0],
  [1,0,1,0],
  [0,1,0,1],
  [0,0,1,0]
]
